param A := 10;
param N := 10;
param T :=200;
set J[1] := 1, 2, 3;
set J[2] := 1, 2, 3, 4;
set J[3] := 1, 2, 3, 4;
set J[4] := 1, 2, 3;
set J[5] := 1, 2, 3;
set J[6] := 1, 2, 3;
set J[7] := 1, 2, 3;
set J[8] := 1, 2, 3;
set J[9] := 1, 2, 3;
set J[10] := 1, 2, 3;

param: d :=
1	132
2	166
3	179
4	162
5	134
6	189
7	171
8	155
9	188
10	155;
param E:
	1	2	3	4	5	6	7	8	9	10:=
1	11	16	3	15	8	9	3	3	1	12
2	20	9	4	3	11	16	20	15	13	4
3	19	16	12	14	19	17	19	14	8	19
4	12	13	15	18	3	9	16	7	5	14
5	8	9	8	16	7	4	19	14	15	11
6	14	19	18	10	12	12	6	4	7	18
7	17	1	2	6	1	20	2	19	12	18
8	14	1	4	20	6	1	5	14	10	5
9	7	19	5	13	12	12	6	7	11	6
10	7	11	20	19	18	3	20	13	9	12;
